reachy = [
-0.122262,0.122482, -0.055098, 0.061482,  -0.067748, 0.286596,  -3.335615, 1.770624, 0.040324; 
-0.125013,0.125556, -0.072123, 0.081136,  -0.483851, 0.608638,  -9.223533, 6.919355, 0.036487; 
-0.128619,0.129429, -0.108091, 0.117294,  -1.290010, 1.348048,  -20.064460, 17.744891, 0.028635; 
-0.121148,0.121250, -0.050890, 0.055028,  0.064669, 0.211753,  -1.403313, 0.489951, 0.022522; 
-0.122346,0.122626, -0.052949, 0.060508,  -0.007951, 0.238842,  -3.042543, 1.131644, 0.022547; 
-0.123057,0.123484, -0.054728, 0.063872,  -0.072321, 0.267133,  -4.048689, 1.679833, 0.012889; 
-0.123819,0.124409, -0.057333, 0.067676,  -0.153987, 0.309128,  -5.186958, 2.476572, 0.013142; 
-0.124663,0.125429, -0.061039, 0.072186,  -0.258349, 0.371042,  -6.536884, 3.604503, 0.013614; 
-0.125617,0.126567, -0.066199, 0.077729,  -0.392287, 0.461154,  -8.196684, 5.170009, 0.014142; 
-0.126713,0.127850, -0.073270, 0.084746,  -0.564929, 0.590403,  -10.298335, 7.309870, 0.014652; 
-0.127995,0.129312, -0.082842, 0.093835,  -0.788625, 0.773148,  -13.021781, 10.201525, 0.015110; 
-0.129516,0.131000, -0.095693, 0.105811,  -1.080201, 1.028183,  -16.610975, 14.077715, 0.015501; 
-0.131350,0.132980, -0.112851, 0.121766,  -1.462561, 1.380123,  -21.393614, 19.246644, 0.015820; 
-0.133591,0.135343, -0.135684, 0.143155,  -1.966741, 1.861284,  -27.806553, 26.119156, 0.016073; 
-0.136368,0.138213, -0.166026, 0.171910,  -2.634587, 2.514256,  -36.429445, 35.244897, 0.016265; 
-0.139850,0.141759, -0.206331, 0.210591,  -3.522261, 3.395370,  -48.029839, 47.360235, 0.016406; 
-0.120435,0.120457, -0.050167, 0.051877,  0.093854, 0.202471,  -0.461047, 0.258908, 0.008674; 
-0.120829,0.120883, -0.050389, 0.053588,  0.083856, 0.205426,  -0.972711, 0.333460, 0.007813; 
-0.121171,0.121264, -0.050610, 0.055082,  0.071698, 0.208598,  -1.419505, 0.406931, 0.006758; 
-0.121573,0.121719, -0.050962, 0.056844,  0.053954, 0.213222,  -1.946220, 0.520923, 0.007862; 
-0.122012,0.122227, -0.051485, 0.058790,  0.030097, 0.219733,  -2.528097, 0.686744, 0.008521; 
-0.122456,0.122751, -0.052186, 0.060783,  0.001139, 0.228318,  -3.124343, 0.906149, 0.008506; 
-0.122912,0.123298, -0.053103, 0.062860,  -0.033416, 0.239644,  -3.745578, 1.190699, 0.008575; 
-0.123385,0.123870, -0.054280, 0.065055,  -0.074168, 0.254528,  -4.401846, 1.553623, 0.008690; 
-0.123879,0.124472, -0.055767, 0.067401,  -0.121807, 0.273948,  -5.103779, 2.009865, 0.008829; 
-0.124398,0.125107, -0.057619, 0.069940,  -0.177124, 0.299071,  -5.863549, 2.576207, 0.008978; 
-0.124947,0.125778, -0.059901, 0.072721,  -0.241039, 0.331273,  -6.695684, 3.271459, 0.009126; 
-0.125530,0.126488, -0.062680, 0.075801,  -0.314635, 0.372166,  -7.617802, 4.116747, 0.009270; 
-0.126154,0.127240, -0.066038, 0.079254,  -0.399202, 0.423625,  -8.651336, 5.135896, 0.009405; 
-0.126825,0.128039, -0.070065, 0.083164,  -0.496290, 0.487823,  -9.822257, 6.355938, 0.009530; 
-0.127551,0.128890, -0.074862, 0.087637,  -0.607767, 0.567272,  -11.161850, 7.807742, 0.009645; 
-0.128341,0.129801, -0.080549, 0.092796,  -0.735891, 0.664867,  -12.707554, 9.526801, 0.009748; 
-0.129204,0.130779, -0.087263, 0.098792,  -0.883385, 0.783951,  -14.503903, 11.554181, 0.009840; 
-0.130154,0.131835, -0.095162, 0.105798,  -1.053528, 0.928377,  -16.603590, 13.937665, 0.009921; 
-0.131203,0.132981, -0.104434, 0.114023,  -1.250258, 1.102596,  -19.068691, 16.733107, 0.009993; 
-0.132369,0.134231, -0.115296, 0.123709,  -1.478285, 1.311758,  -21.972089, 20.006032, 0.010055; 
-0.133670,0.135603, -0.128007, 0.135140,  -1.743226, 1.561831,  -25.399135, 23.833511, 0.010108; 
-0.135129,0.137119, -0.142867, 0.148650,  -2.051759, 1.859747,  -29.449603, 28.306360, 0.010154; 
-0.136771,0.138804, -0.160236, 0.164626,  -2.411801, 2.213573,  -34.240004, 33.531701, 0.010192; 
-0.138627,0.140687, -0.180534, 0.183521,  -2.832711, 2.632715,  -39.906308, 39.635954, 0.010224; 
-0.140731,0.142806, -0.204258, 0.205866,  -3.325533, 3.128159,  -46.607183, 46.768322, 0.010251; 
-0.120286,0.120293, -0.050082, 0.051226,  0.098280, 0.201331,  -0.266547, 0.230459, 0.005705; 
-0.120549,0.120568, -0.050173, 0.052358,  0.094767, 0.202742,  -0.605115, 0.262967, 0.005239; 
-0.120737,0.120769, -0.050246, 0.053171,  0.090985, 0.203887,  -0.848065, 0.288710, 0.003741; 
-0.120949,0.120999, -0.050343, 0.054092,  0.085685, 0.205316,  -1.123444, 0.322404, 0.004220; 
-0.121180,0.121253, -0.050472, 0.055097,  0.078663, 0.207062,  -1.423882, 0.365602, 0.004579; 
-0.121426,0.121527, -0.050637, 0.056167,  0.069764, 0.209174,  -1.743978, 0.420188, 0.004845; 
-0.121682,0.121817, -0.050846, 0.057291,  0.058864, 0.211720,  -2.080053, 0.488316, 0.005046; 
-0.121947,0.122121, -0.051107, 0.058455,  0.045927, 0.214769,  -2.428038, 0.571942, 0.005174; 
-0.122212,0.122430, -0.051420, 0.059630,  0.031193, 0.218344,  -2.779294, 0.671331, 0.005164; 
-0.122480,0.122745, -0.051792, 0.060819,  0.014631, 0.222540,  -3.134874, 0.788435, 0.005160; 
-0.122749,0.123067, -0.052229, 0.062027,  -0.003817, 0.227467,  -3.496142, 0.925381, 0.005164; 
-0.123022,0.123395, -0.052740, 0.063259,  -0.024215, 0.233251,  -3.864485, 1.084406, 0.005176; 
-0.123299,0.123731, -0.053333, 0.064519,  -0.046636, 0.240028,  -4.241341, 1.267868, 0.005193; 
-0.123581,0.124076, -0.054014, 0.065812,  -0.071164, 0.247953,  -4.628227, 1.478239, 0.005213; 
-0.123868,0.124428, -0.054794, 0.067145,  -0.097887, 0.257191,  -5.026782, 1.718117, 0.005236; 
-0.124161,0.124790, -0.055681, 0.068522,  -0.126904, 0.267930,  -5.438795, 1.990224, 0.005260; 
-0.124461,0.125161, -0.056684, 0.069951,  -0.158321, 0.280368,  -5.866242, 2.297418, 0.005285; 
-0.124768,0.125541, -0.057815, 0.071438,  -0.192256, 0.294727,  -6.311318, 2.642696, 0.005311; 
-0.125084,0.125932, -0.059082, 0.072993,  -0.228839, 0.311244,  -6.776467, 3.029211, 0.005336; 
-0.125409,0.126333, -0.060497, 0.074623,  -0.268214, 0.330176,  -7.264414, 3.460284, 0.005361; 
-0.125743,0.126745, -0.062072, 0.076340,  -0.310541, 0.351803,  -7.778194, 3.939416, 0.005385; 
-0.126089,0.127168, -0.063819, 0.078154,  -0.355996, 0.376424,  -8.321182, 4.470313, 0.005408; 
-0.126446,0.127604, -0.065752, 0.080078,  -0.404778, 0.404363,  -8.897123, 5.056907, 0.005430; 
-0.126816,0.128053, -0.067883, 0.082125,  -0.457107, 0.435968,  -9.510164, 5.703378, 0.005451; 
-0.127201,0.128515, -0.070229, 0.084312,  -0.513230, 0.471614,  -10.164885, 6.414184, 0.005471; 
-0.127601,0.128991, -0.072805, 0.086654,  -0.573419, 0.511702,  -10.866334, 7.194094, 0.005490; 
-0.128018,0.129483, -0.075628, 0.089171,  -0.637980, 0.556665,  -11.620058, 8.048222, 0.005508; 
-0.128454,0.129992, -0.078716, 0.091882,  -0.707254, 0.606966,  -12.432149, 8.982066, 0.005525; 
-0.128909,0.130518, -0.082089, 0.094810,  -0.781617, 0.663103,  -13.309273, 10.001550, 0.005541; 
-0.129386,0.131063, -0.085769, 0.097979,  -0.861488, 0.725612,  -14.258720, 11.113074, 0.005555; 
-0.129887,0.131629, -0.089778, 0.101416,  -0.947333, 0.795068,  -15.288448, 12.323564, 0.005569; 
-0.130413,0.132216, -0.094142, 0.105149,  -1.039665, 0.872090,  -16.407129, 13.640530, 0.005582; 
-0.130967,0.132828, -0.098888, 0.109210,  -1.139053, 0.957342,  -17.624208, 15.072125, 0.005594; 
-0.131551,0.133465, -0.104045, 0.113634,  -1.246125, 1.051542,  -18.949954, 16.627217, 0.005605; 
-0.132168,0.134131, -0.109646, 0.118457,  -1.361570, 1.155461,  -20.395528, 18.315456, 0.005615; 
-0.132819,0.134828, -0.115725, 0.123719,  -1.486150, 1.269932,  -21.973047, 20.147361, 0.005625; 
-0.133509,0.135558, -0.122322, 0.129466,  -1.620703, 1.395851,  -23.695663, 22.134400, 0.005634; 
-0.134241,0.136324, -0.129477, 0.135743,  -1.766145, 1.534190,  -25.577637, 24.289088, 0.005642; 
-0.135017,0.137130, -0.137236, 0.142604,  -1.923484, 1.685995,  -27.634434, 26.625086, 0.005649; 
-0.135841,0.137979, -0.145649, 0.150103,  -2.093823, 1.852400,  -29.882817, 29.157311, 0.005656; 
-0.136719,0.138876, -0.154771, 0.158301,  -2.278371, 2.034632,  -32.340948, 31.902059, 0.005662; 
