<?xml version="1.0"?>
<opencv_storage>
<training_params>
  <nclusters>3</nclusters>
  <cov_mat_type>spherical</cov_mat_type>
  <epsilon>1.0000000000000000e-03</epsilon>
  <iterations>3000</iterations></training_params>
<weights type_id="opencv-matrix">
  <rows>1</rows>
  <cols>3</cols>
  <dt>d</dt>
  <data>
    9.9999976390557255e-01 1.1800168860416392e-07 1.1800168859733225e-07</data></weights>
<means type_id="opencv-matrix">
  <rows>3</rows>
  <cols>3</cols>
  <dt>d</dt>
  <data>
    0. 0. 0. 37. 131. 121. 0. 0. 0.</data></means>
<covs>
  <_ type_id="opencv-matrix">
    <rows>3</rows>
    <cols>3</cols>
    <dt>d</dt>
    <data>
      2.2204460492503131e-16 0. 0. 0. 2.2204460492503131e-16 0. 0. 0.
      2.2204460492503131e-16</data></_>
  <_ type_id="opencv-matrix">
    <rows>3</rows>
    <cols>3</cols>
    <dt>d</dt>
    <data>
      2.2204460492503131e-16 0. 0. 0. 2.2204460492503131e-16 0. 0. 0.
      2.2204460492503131e-16</data></_>
  <_ type_id="opencv-matrix">
    <rows>3</rows>
    <cols>3</cols>
    <dt>d</dt>
    <data>
      2.2204460492503131e-16 0. 0. 0. 2.2204460492503131e-16 0. 0. 0.
      2.2204460492503131e-16</data></_></covs>
</opencv_storage>
